1 25 25 25
2 25 24 24
3 26 25 25
4 25 26 24
5 27 24 26
6 27 24 24
7 24 26 23
8 27 26 26
9 28 23 23
10 23 25 23
11 29 24 22
12 26 23 27
13 25 25 22
14 28 25 27
15 24 26 26
16 30 25 21
17 22 25 22
18 28 23 27
19 30 24 20
20 25 24 21
21 21 26 21
22 25 22 28
23 21 24 21
24 29 22 23
25 25 23 27
26 29 22 22
27 27 24 28
28 28 26 28
29 26 24 20
30 27 25 29
31 22 27 22
32 24 22 26
33 27 24 20
34 27 27 27
35 23 27 27
36 25 23 29
37 21 23 22
38 22 25 24
39 23 25 27
40 20 26 20
41 28 21 21
42 24 21 29
43 28 25 19
44 27 26 30
45 29 26 18
46 23 28 23
47 31 26 20
48 32 27 21
49 29 25 28
50 23 24 28
51 30 24 23
52 21 26 22
53 28 27 17
54 26 27 31
55 22 22 22
56 27 26 18
57 28 28 27
58 26 27 26
59 27 27 32
60 23 29 24
61 19 27 20
62 18 28 19
63 24 28 27
64 28 20 21
65 33 26 22
66 27 26 17
67 21 26 19
68 26 27 33
69 32 25 21
70 28 20 20
71 20 25 18
72 27 20 22
73 25 26 34
74 26 25 35
75 23 21 25
76 29 27 17
77 28 26 33
78 26 24 34
79 30 23 19
80 29 29 28
81 18 26 21
82 20 24 17
83 22 24 29
84 30 26 17
85 33 28 20
86 22 28 27
87 26 26 16
88 17 27 19
89 23 26 28
90 26 27 15
91 21 29 28
92 24 29 24
93 28 25 32
94 34 28 21
95 25 26 14
96 24 26 15
97 28 25 16
98 21 23 16
99 27 23 35
100 22 21 25
101 34 27 23
102 25 24 35
103 29 27 34
104 27 26 34
105 18 29 18
106 21 22 17
107 22 30 29
108 20 21 16
109 27 21 19
110 30 29 29
111 22 30 23
112 32 26 19
113 17 25 20
114 28 20 23
115 22 21 21
116 20 23 15
117 21 31 30
118 24 27 33
119 28 22 36
120 35 29 22
121 17 28 17
122 31 30 30
123 22 32 31
124 19 30 18
125 26 27 13
126 31 22 18
127 26 28 12
128 27 24 15
129 22 23 28
130 19 22 15
131 21 32 32
132 25 22 30
133 20 30 17
134 18 21 16
135 30 24 27
136 21 22 27
137 17 21 17
138 17 20 15
139 20 30 29
140 26 25 17
141 20 33 33
142 31 31 30
143 16 20 17
144 21 22 29
145 27 22 27
146 36 29 21
147 25 27 12
148 25 28 16
149 19 31 30
150 21 29 17
151 29 19 22
152 21 25 28
153 35 30 23
154 28 23 37
155 20 21 14
156 21 21 30
157 23 29 29
158 18 19 16
159 29 21 35
160 21 31 16
161 27 23 38
162 19 21 14
163 20 21 26
164 16 20 14
165 18 19 14
166 20 29 16
167 30 18 23
168 21 22 30
169 25 30 24
170 24 24 36
171 17 30 19
172 21 32 15
173 29 19 24
174 28 24 38
175 22 20 29
176 25 27 11
177 32 31 30
178 21 31 33
179 31 24 28
180 31 27 16
181 29 22 38
182 16 28 18
183 19 24 15
184 26 19 21
185 20 20 15
186 30 18 25
187 15 29 17
188 32 24 20
189 29 20 36
190 22 32 14
191 29 19 36
192 30 22 37
193 19 20 27
194 16 29 20
195 22 33 16
196 19 18 14
197 25 28 10
198 15 21 16
199 14 28 16
200 13 27 17
201 18 19 28
202 19 33 33
203 27 18 21
204 28 22 39
205 15 29 15
206 25 28 15
207 14 28 14
208 33 31 29
209 27 28 11
210 34 31 24
211 17 19 18
212 23 23 37
213 23 19 30
214 32 24 27
215 33 27 19
216 33 23 20
217 30 21 23
218 32 32 28
219 30 22 39
220 20 25 14
221 28 17 20
222 17 19 14
223 31 21 19
224 23 33 17
225 24 34 18
226 28 24 14
227 19 17 15
228 17 18 27
229 30 19 35
230 35 30 25
231 30 17 26
232 23 34 19
233 20 22 13
234 37 29 22
235 32 27 17
236 23 24 38
237 28 29 12
238 22 31 14
239 18 20 19
240 29 22 40
241 23 31 31
242 30 21 41
243 20 33 15
244 23 18 30
245 29 23 13
246 29 26 15
247 32 28 15
248 18 32 33
249 34 24 19
250 31 20 42
251 13 29 13
252 18 16 16
253 34 26 21
254 22 27 19
255 22 32 33
256 29 16 26
257 28 18 24
258 34 28 20
259 14 27 15
260 17 15 15
261 25 29 12
262 24 25 39
263 16 18 15
264 26 30 11
265 23 35 18
266 29 23 40
267 23 26 40
268 24 27 9
269 19 16 17
270 28 22 13
271 31 22 39
272 35 29 21
273 22 34 18
274 19 34 14
275 29 21 42
276 29 30 11
277 27 21 14
278 21 30 13
279 18 30 18
280 16 14 15
281 28 21 43
282 24 36 18
283 12 28 18
284 30 21 39
285 27 22 43
286 22 33 18
287 23 26 8
288 28 22 44
289 25 25 40
290 35 25 22
291 11 27 19
292 21 33 34
293 32 24 29
294 16 17 28
295 36 31 22
296 36 29 26
297 22 22 36
298 32 29 29
299 24 25 7
300 23 24 6
301 27 20 44
302 15 19 18
303 28 28 10
304 22 25 40
305 37 32 21
306 29 23 44
307 24 23 6
308 31 23 24
309 27 21 35
310 28 15 27
311 21 22 16
312 25 29 9
313 32 23 30
314 38 33 21
315 29 23 45
316 15 17 29
317 27 20 13
318 19 23 14
319 31 29 16
320 22 25 37
321 31 18 35
322 38 34 20
323 28 23 46
324 27 19 45
325 31 17 22
326 16 30 14
327 20 16 18
328 30 30 12
329 27 18 44
330 29 28 9
331 33 28 14
332 16 16 30
333 13 28 12
334 21 21 37
335 15 13 14
336 31 22 29
337 31 32 29
338 14 28 11
339 36 28 27
340 13 26 14
341 12 25 15
342 29 17 19
343 25 37 19
344 28 25 38
345 16 12 13
346 32 17 34
347 19 15 19
348 31 20 19
349 33 25 18
350 12 29 13
351 29 27 11
352 31 30 16
353 20 21 38
354 22 34 34
355 12 25 13
356 23 35 33
357 29 25 39
358 36 31 23
359 35 32 23
360 38 28 23
361 27 15 26
362 30 26 15
363 27 29 12
364 30 16 20
365 21 26 36
366 20 34 33
367 22 26 41
368 28 17 44
369 26 20 12
370 39 29 22
371 19 35 15
372 20 21 31
373 21 15 17
374 17 14 14
375 35 27 26
376 24 25 6
377 13 28 10
378 30 24 12
379 30 24 46
380 18 16 18
381 33 32 24
382 21 31 34
383 31 23 11
384 12 29 11
385 18 34 34
386 35 23 20
387 24 36 32
388 27 24 47
389 39 27 22
390 11 29 10
391 18 36 14
392 38 27 24
393 17 37 15
394 22 23 5
395 33 24 29
396 40 26 21
397 20 30 35
398 41 25 21
399 11 28 17
400 27 25 47
401 22 22 5
402 32 28 13
403 20 26 35
404 25 30 8
405 33 27 13
406 20 14 17
407 26 31 8
408 15 21 13
409 17 13 12
410 30 24 44
411 33 28 21
412 17 16 29
413 20 29 12
414 24 26 5
415 32 16 23
416 26 21 43
417 22 32 35
418 34 29 13
419 14 18 28
420 25 36 33
421 24 35 31
422 21 21 5
423 30 25 43
424 25 20 12
425 16 17 14
426 11 25 12
427 27 31 7
428 25 26 5
429 16 14 14
430 29 28 35
431 23 32 13
432 21 32 18
433 24 37 17
434 33 17 22
435 27 28 9
436 10 27 20
437 35 31 26
438 17 11 14
439 17 33 32
440 35 28 19
441 29 26 43
442 33 17 34
443 39 35 21
444 10 26 13
445 38 36 22
446 29 16 43
447 35 28 12
448 39 27 25
449 14 19 28
450 23 33 20
451 25 26 40
452 26 25 48
